5615120574
6564654765
5330726844
7015193184
5863901236
6820488485
70708391245913783453
6163309099
6970367344
7327571462
7078674395
7098026677
7069797641
1672840918
6447368839
7069797641
7240918435
7288327150
7312814180
1551092573
6663109226
5929005349
7131758372
6079928273
7439661076
7304553276
5288973273
6482922490
5506809343
6394904931
5308584167
6866920003
7059840848
6866920003
6172286390
6585174345
5968933274
6425751152
6142871639
1220892380
5856674682
6059913343
5251793930
6635414925
7094595570
1937691212
5860115091
5026689403
6511975384
7395598059
6969802114
6878926319
73905844751096573731
5237820538
1810739708
6758368208
6307877749
6495808005
7124771718
5191201899
7359705970
7520090466
6865037073
6347666251
6048482096
6901755617
6507180979
6708207179
6555819782
5424494850
5418254962
6099818898
1938918689
7018650105
7510325668
7157366037
5439808700
7396060966
1355212445
7324879265
7106254536
1189017480
